10000 4 5116352.267000 1129860.885000 4.528303 
10000 8 4899831.975000 1073554.289000 4.564121 
10000 16 5496356.257000 1263216.983000 4.351079 
10000 32 4908455.275000 1043331.395000 4.704598 
10 1 4.727000 94.199000 0.050181 
10 2 4.264000 94.193000 0.045269 
10 4 4.306000 147.987000 0.029097 
10 8 4.348000 288.934000 0.015048 
10 16 4.279000 546.593000 0.007828 
10 32 4.290000 1090.336000 0.003935 
100 1 333.271000 488.423000 0.682341 
100 2 333.157000 400.497000 0.831859 
100 4 341.063000 231.852000 1.471038 
100 8 340.334000 316.938000 1.073819 
100 16 340.733000 537.538000 0.633877 
100 32 341.742000 980.313000 0.348605 
500 1 8735.571000 9823.628000 0.889241 
500 2 8717.576000 5616.235000 1.552210 
500 4 8725.540000 6034.588000 1.445921 
500 8 8724.321000 4245.470000 2.054972 
500 16 8772.720000 2093.423000 4.190610 
500 32 8722.870000 3195.554000 2.729689 
1000 1 47016.837000 39537.838000 1.189161 
1000 2 46538.365000 21986.856000 2.116645 
1000 4 46736.872000 18765.361000 2.490593 
1000 8 47501.911000 17265.852000 2.751206 
1000 16 46665.687000 8725.224000 5.348365 
1000 32 46605.270000 8170.838000 5.703854 
5000 1 1069703.788000 964162.945000 1.109464 
5000 2 1057363.473000 501016.930000 2.110435 
5000 4 1909332.740000 358146.769000 5.331146 
5000 8 1077022.524000 256295.303000 4.202272 
5000 16 1861413.032000 152011.487000 12.245213 
5000 32 1124797.541000 200913.542000 5.598416 
10000 1 4918471.883000 3875577.665000 1.269094 
10000 2 5744544.700000 2615186.290000 2.196610 
10000 4 4891247.141000 3754126.686000 1.302899 
10000 8 5316960.834000 1270800.950000 4.183945 
10000 16 5303429.655000 1009571.927000 5.253147 
10000 32 4909722.477000 1283577.871000 3.825029 
