10 1 14.125000 73.763000 0.191492 
10 2 13.701000 267.342000 0.051249 
10 4 13.679000 966.117000 0.014159 
10 8 13.667000 964.637000 0.014168 
10 16 13.807000 2600.379000 0.005310 
10 32 14.008000 5079.539000 0.002758 
100 1 1020.494000 953.917000 1.069793 
100 2 1021.616000 834.594000 1.224087 
100 4 1036.974000 878.638000 1.180206 
100 8 1021.062000 1305.077000 0.782377 
100 16 1022.516000 8986.677000 0.113781 
100 32 1019.133000 15910.515000 0.064054 
500 1 12087.236000 9555.864000 1.264902 
500 2 8664.071000 9515.026000 0.910567 
500 4 8663.022000 7021.327000 1.233815 
500 8 12031.190000 4854.167000 2.478528 
500 16 8673.622000 36301.043000 0.238936 
500 32 8657.814000 53642.624000 0.161398 
1000 1 46812.786000 38221.560000 1.224774 
1000 2 46717.656000 19889.088000 2.348909 
1000 4 46672.362000 20079.693000 2.324356 
1000 8 46858.073000 14891.130000 3.146710 
1000 16 46736.059000 80723.296000 0.578966 
1000 32 46693.802000 143655.194000 0.325041 
5000 1 1078232.869000 831075.849000 1.297394 
5000 2 1739732.151000 709233.573000 2.452975 
5000 4 1168163.698000 335521.299000 3.481638 
5000 8 1064489.579000 191151.864000 5.568816 
5000 16 1764017.649000 835816.312000 2.110533 
5000 32 1066729.267000 1350966.969000 0.789604 
10000 1 5582311.350000 3898496.620000 1.431914 
10000 2 5025981.241000 1789877.075000 2.808004 
10000 4 5392112.730000 978740.448000 5.509237 
10000 8 5052471.641000 5959520.256000 0.847798 
10000 16 5090893.770000 1638712.830000 3.106642 
10000 32 5502811.056000 3619102.331000 1.520491 
